0.000000000000000000e+00 4.177100000000000364e+03 2.784273200000000088e+03 2.468689699999999903e+03 2.254978999999999814e+03 2.316737500000000182e+03 1.234618999999999915e+03 6.419856999999999516e+02 5.542045000000000528e+02 4.784783600000000092e+02 5.483048000000000002e+02 5.214351000000000340e+02 4.108933400000000233e+02 3.171052599999999870e+02 2.966261999999999830e+02 2.808681000000000267e+02 2.299608800000000031e+02 2.298547199999999862e+02 1.969661600000000021e+02 1.337542300000000068e+02 1.396486800000000130e+02 1.454507000000000119e+02 1.319447999999999865e+02 1.128465039999999959e+02 1.216243439999999936e+02 1.232524700000000024e+02 1.609312899999999900e+02 1.281488799999999912e+02 1.148862199999999945e+02 7.904142000000000223e+01 7.469680999999999926e+01 7.058404500000000326e+01 5.744124200000000258e+01 4.084723300000000279e+01 5.283352699999999658e+01 5.931093599999999810e+01 6.312969199999999859e+01 4.941441700000000026e+01 6.220837000000000216e+01 3.791847599999999829e+01 5.018250700000000109e+01 4.991230399999999889e+01 4.224855000000000160e+01 4.675232700000000108e+01 3.841662600000000083e+01 3.718094299999999919e+01 2.537738999999999834e+01 3.348172799999999683e+01 4.294552600000000098e+01 3.926979000000000042e+01 3.208902400000000199e+01 2.568955599999999961e+01 2.862813200000000080e+01 3.091470999999999947e+01 2.043675800000000109e+01 2.520233999999999952e+01 2.602410000000000068e+01 2.338599599999999867e+01 2.512107299999999910e+01 2.317727299999999957e+01 2.120095799999999997e+01 3.777241999999999678e+01 3.031710599999999900e+01 3.016131000000000029e+01 3.813385399999999947e+01 3.076588599999999829e+01 3.140793000000000035e+01 2.789610000000000056e+01 2.453584299999999985e+01 2.563389600000000002e+01 3.525921199999999800e+01 2.718616099999999847e+01 1.751870200000000111e+01 2.113139200000000173e+01 2.124202999999999975e+01 1.910848599999999919e+01 2.375697999999999865e+01 2.277743500000000054e+01 1.322706400000000038e+01 2.319036900000000045e+01 1.737410200000000060e+01 1.798527299999999940e+01 2.234228999999999843e+01 1.515800300000000078e+01 1.865202299999999980e+01 1.942958300000000094e+01 1.477184100000000022e+01 1.396833700000000000e+01 1.670484000000000080e+01 1.446546400000000077e+01 1.388529100000000049e+01 1.736118300000000048e+01 6.797530000000000072e+00 1.215335750000000026e+01 1.668869600000000020e+01 1.922149999999999892e+01 8.102892000000000650e+00 1.106145899999999926e+01 8.483800999999999704e+00 1.135694600000000065e+01 1.803313299999999941e+01
4.177100000000000364e+03 0.000000000000000000e+00 4.362235999999999876e+03 2.475521000000000186e+03 1.897636500000000069e+03 1.540023599999999988e+03 8.673724399999999832e+02 5.809511999999999716e+02 4.973276999999999930e+02 4.249418999999999755e+02 4.708852200000000039e+02 5.153772000000000162e+02 3.938084699999999998e+02 3.240729000000000042e+02 2.837352300000000014e+02 2.694173299999999927e+02 2.779688699999999812e+02 2.489569700000000125e+02 2.034726599999999905e+02 1.661091499999999996e+02 1.463657800000000009e+02 1.757373800000000017e+02 1.705785400000000038e+02 1.308903699999999901e+02 1.210783160000000009e+02 1.370035599999999931e+02 1.371373100000000136e+02 1.283705300000000022e+02 1.022135849999999948e+02 1.057085600000000056e+02 7.689355999999999369e+01 8.567817999999999756e+01 7.052141600000000210e+01 6.920856499999999301e+01 6.565871400000000335e+01 6.238035200000000202e+01 7.392804999999999893e+01 7.737614000000000658e+01 7.018232999999999322e+01 5.875659600000000182e+01 5.864093799999999845e+01 4.574593000000000131e+01 5.359810600000000136e+01 4.917181800000000180e+01 5.141463000000000250e+01 4.457744000000000284e+01 3.372780000000000200e+01 3.920878600000000347e+01 4.229355199999999826e+01 3.761853399999999681e+01 3.489372600000000091e+01 3.666458500000000242e+01 4.150712000000000046e+01 3.157939299999999960e+01 2.963067799999999963e+01 3.379964999999999975e+01 3.374076500000000323e+01 3.269574000000000069e+01 4.097512400000000099e+01 3.780458500000000299e+01 3.415408000000000044e+01 3.891208999999999918e+01 2.373619700000000066e+01 3.379138999999999982e+01 3.953820400000000035e+01 3.602839999999999776e+01 2.439507499999999851e+01 2.573821399999999926e+01 3.418422300000000291e+01 2.705456200000000067e+01 2.750550000000000139e+01 3.140998000000000090e+01 2.222488600000000147e+01 2.776551399999999958e+01 2.665230400000000088e+01 2.462653999999999854e+01 2.833343999999999951e+01 1.287950000000000017e+01 1.821866999999999948e+01 1.815645200000000159e+01 1.789831399999999917e+01 2.738015700000000052e+01 1.908899999999999864e+01 1.842203100000000049e+01 1.545316599999999951e+01 1.779183400000000148e+01 1.160102499999999992e+01 1.250877200000000045e+01 2.007700300000000126e+01 1.273364800000000052e+01 1.792996600000000029e+01 1.788500399999999857e+01 1.108749000000000073e+01 2.378809400000000096e+01 1.432685700000000040e+01 1.363143400000000049e+01 1.762222999999999828e+01 1.443392799999999987e+01 9.225317000000000434e+00 1.146747300000000003e+01 1.254995100000000008e+01
2.784273200000000088e+03 4.362235999999999876e+03 0.000000000000000000e+00 3.775557400000000143e+03 2.358517800000000079e+03 1.701979499999999916e+03 9.187679000000000542e+02 5.423288000000000011e+02 4.905000299999999811e+02 4.372593400000000088e+02 4.224473300000000222e+02 4.054488999999999805e+02 3.894617000000000075e+02 3.104764400000000251e+02 3.000479700000000207e+02 2.747889000000000124e+02 2.313995999999999924e+02 2.403137199999999893e+02 2.219822499999999934e+02 1.542136399999999981e+02 1.567183499999999867e+02 1.349168400000000076e+02 1.403283000000000129e+02 1.204467000000000070e+02 1.190086399999999998e+02 1.353121800000000121e+02 1.497088799999999935e+02 1.390889599999999859e+02 1.094493300000000033e+02 8.415706000000000131e+01 8.405569500000000005e+01 7.349197399999999902e+01 7.056289999999999907e+01 5.572904199999999975e+01 3.797818800000000294e+01 7.005118600000000129e+01 6.747402999999999906e+01 6.408211000000000013e+01 6.322639999999999816e+01 5.366190999999999889e+01 3.854429199999999867e+01 5.357287999999999784e+01 4.555412700000000115e+01 4.733007400000000331e+01 3.751188299999999742e+01 3.336162999999999812e+01 3.289081600000000094e+01 3.004240599999999972e+01 4.920470399999999955e+01 3.849300399999999911e+01 3.617242000000000246e+01 3.470311399999999935e+01 3.634008999999999645e+01 3.953189499999999867e+01 2.629266199999999998e+01 2.593900899999999865e+01 2.987534300000000087e+01 2.320994599999999863e+01 2.883867800000000159e+01 2.683659400000000161e+01 3.636778000000000333e+01 1.943825700000000012e+01 3.494767800000000335e+01 3.668710000000000093e+01 3.468473399999999884e+01 2.922939699999999874e+01 3.509678999999999860e+01 2.958155400000000057e+01 3.156628999999999863e+01 3.259098999999999791e+01 4.023439400000000177e+01 2.186001399999999961e+01 2.504274600000000106e+01 2.537391300000000172e+01 2.018117300000000114e+01 2.330907600000000102e+01 2.366264699999999976e+01 2.250549499999999981e+01 1.905917200000000022e+01 2.673241600000000062e+01 2.352888300000000044e+01 1.480879000000000012e+01 2.217409699999999972e+01 1.376565500000000064e+01 1.462645700000000026e+01 1.684001200000000154e+01 1.858220899999999887e+01 2.283347900000000053e+01 1.176371900000000004e+01 1.134346099999999957e+01 1.518435900000000061e+01 1.504728800000000000e+01 1.486697500000000005e+01 1.084078899999999912e+01 2.983288599999999846e+01 1.376233000000000040e+01 8.339741000000000071e+00 1.821565999999999974e+01 1.135131900000000016e+01 1.252383400000000080e+01 1.187855700000000070e+01
2.468689699999999903e+03 2.475521000000000186e+03 3.775557400000000143e+03 0.000000000000000000e+00 4.581493699999999990e+03 2.314156700000000001e+03 1.042950700000000097e+03 5.476432999999999538e+02 5.157699000000000069e+02 4.924273400000000152e+02 4.342046799999999962e+02 4.479042699999999968e+02 3.927516200000000026e+02 3.085505699999999933e+02 2.793632799999999747e+02 2.511442000000000121e+02 2.460858200000000124e+02 2.252020100000000014e+02 2.056677400000000091e+02 1.645829500000000110e+02 1.130491200000000021e+02 1.247294299999999936e+02 1.257935260000000000e+02 1.259908999999999963e+02 1.283195499999999925e+02 1.243454399999999964e+02 1.756280700000000081e+02 1.283450200000000052e+02 1.155218399999999974e+02 6.764350000000000307e+01 8.048362000000000194e+01 7.377684000000000708e+01 8.832795000000000130e+01 5.692654799999999682e+01 5.101766200000000140e+01 7.327566500000000360e+01 5.144152499999999861e+01 4.845673800000000142e+01 5.789611399999999719e+01 5.336534499999999781e+01 4.284447500000000275e+01 4.208232000000000284e+01 3.288075299999999856e+01 4.453793699999999944e+01 3.577596299999999729e+01 3.808773999999999660e+01 4.608437299999999937e+01 3.507781200000000155e+01 4.635102499999999992e+01 3.480726200000000148e+01 3.676713600000000071e+01 2.915703399999999945e+01 2.772671700000000072e+01 3.232298999999999722e+01 2.938062899999999900e+01 2.364601700000000051e+01 1.272351549999999953e+01 2.654254699999999900e+01 2.017759500000000017e+01 2.192137699999999967e+01 2.709268600000000049e+01 2.797883399999999909e+01 2.642625999999999920e+01 3.651452599999999649e+01 2.818298499999999862e+01 3.151622800000000169e+01 2.933259599999999878e+01 1.995628200000000163e+01 3.759425699999999892e+01 3.148982600000000076e+01 3.967038000000000153e+01 2.545590599999999881e+01 2.032516000000000034e+01 2.638198900000000080e+01 2.077100000000000080e+01 2.441871799999999837e+01 2.435422499999999957e+01 1.902695800000000048e+01 1.921587600000000151e+01 2.189866800000000069e+01 2.241760599999999926e+01 1.877982899999999944e+01 1.811283299999999841e+01 1.619197499999999934e+01 1.209691499999999920e+01 9.285099999999999909e+00 1.937368400000000079e+01 1.417509899999999945e+01 1.756257199999999941e+01 1.813793199999999928e+01 1.418352699999999977e+01 1.742295000000000016e+01 1.620157199999999875e+01 1.839169499999999857e+01 1.834312600000000160e+01 1.365867899999999935e+01 1.103590699999999991e+01 1.071316599999999930e+01 3.081251599999999868e+00 1.252158200000000043e+01 9.824244500000000713e+00
2.254978999999999814e+03 1.897636500000000069e+03 2.358517800000000079e+03 4.581493699999999990e+03 0.000000000000000000e+00 3.210314199999999801e+03 1.150740999999999985e+03 5.993225999999999658e+02 5.707024000000000115e+02 4.997937000000000012e+02 4.413783599999999865e+02 4.352404199999999719e+02 3.876673299999999927e+02 3.280713200000000143e+02 2.957061199999999985e+02 2.962224400000000060e+02 2.712573499999999740e+02 2.237605000000000075e+02 2.036999800000000107e+02 1.319522000000000048e+02 1.347773099999999999e+02 1.105659260000000046e+02 1.279546050000000008e+02 1.349184700000000134e+02 1.259565000000000055e+02 1.069722749999999962e+02 1.369059000000000026e+02 1.337139300000000048e+02 1.112479249999999951e+02 7.929424000000000206e+01 8.097163999999999362e+01 6.476425000000000409e+01 5.649181999999999704e+01 6.360123000000000104e+01 4.812753000000000014e+01 6.974924000000000035e+01 6.096251999999999782e+01 5.789793000000000234e+01 6.228979499999999803e+01 4.760181000000000040e+01 5.552038999999999902e+01 3.836236600000000152e+01 3.367470999999999748e+01 4.123530199999999724e+01 4.004209999999999781e+01 4.787275000000000347e+01 3.708347299999999791e+01 3.181912399999999863e+01 3.003219199999999844e+01 2.794682999999999851e+01 1.187500600000000084e+01 2.591514799999999852e+01 2.053655200000000036e+01 2.016076500000000138e+01 2.341595500000000030e+01 2.812295200000000150e+01 1.795051600000000036e+01 2.596297500000000014e+01 1.848281499999999866e+01 2.540136499999999842e+01 3.191934399999999883e+01 3.208767699999999934e+01 3.189728500000000011e+01 2.731867000000000090e+01 3.392934799999999740e+01 3.018130999999999986e+01 2.682220999999999833e+01 1.718152600000000163e+01 2.841816299999999984e+01 3.154910500000000084e+01 3.482424000000000319e+01 2.336194599999999966e+01 1.861798500000000089e+01 2.000109499999999940e+01 2.539681600000000117e+01 2.030752800000000136e+01 3.481740599999999830e+01 1.851812599999999875e+01 1.581418200000000063e+01 1.441764399999999924e+01 1.639922299999999922e+01 1.182668499999999945e+01 1.526416000000000039e+01 1.705675099999999844e+01 1.699064600000000169e+01 1.222624700000000075e+01 1.275524399999999936e+01 9.823790999999999940e+00 1.892101900000000114e+01 1.811836600000000175e+01 7.263004999999999711e+00 1.310962400000000017e+01 2.336534899999999837e+01 1.937395499999999871e+01 1.995288299999999992e+01 1.298930999999999969e+01 1.816454699999999889e+01 7.053333300000000250e+00 9.128854000000000468e+00 8.728896000000000654e+00 1.121134799999999920e+01
2.316737500000000182e+03 1.540023599999999988e+03 1.701979499999999916e+03 2.314156700000000001e+03 3.210314199999999801e+03 0.000000000000000000e+00 2.573565700000000106e+03 8.114691000000000258e+02 7.820303999999999860e+02 6.186064000000000078e+02 6.774922500000000127e+02 6.001351300000000037e+02 5.440719000000000278e+02 3.412631000000000085e+02 3.257092299999999909e+02 3.685094599999999900e+02 2.645983299999999758e+02 2.549578899999999919e+02 2.304508199999999931e+02 1.611154999999999973e+02 1.355158000000000129e+02 1.027642699999999962e+02 1.174597700000000060e+02 1.339441400000000044e+02 1.169137599999999964e+02 1.075930560000000042e+02 1.416897700000000100e+02 1.455226900000000114e+02 1.432880999999999858e+02 8.087836500000000228e+01 4.897521199999999908e+01 5.358045599999999808e+01 4.948575999999999908e+01 4.993366600000000233e+01 4.052765300000000082e+01 6.924554000000000542e+01 5.352309799999999740e+01 4.021911200000000264e+01 5.603834499999999963e+01 4.581137499999999818e+01 3.238584999999999781e+01 5.078043699999999916e+01 5.202354400000000112e+01 5.328375199999999978e+01 3.424096699999999771e+01 3.960585999999999984e+01 2.550003200000000092e+01 2.911459999999999937e+01 4.190631499999999932e+01 2.933043999999999940e+01 2.396715500000000176e+01 3.130920400000000114e+01 2.588983500000000149e+01 2.700459700000000041e+01 2.960003000000000029e+01 1.780603199999999831e+01 2.291256500000000074e+01 1.841105800000000059e+01 1.884084000000000003e+01 2.210662500000000108e+01 4.460403000000000162e+01 2.106875000000000142e+01 2.467553300000000149e+01 3.951973300000000222e+01 2.406023000000000067e+01 4.347361399999999776e+01 2.662851099999999960e+01 2.580118200000000073e+01 3.120324899999999957e+01 3.515652999999999651e+01 4.094141799999999876e+01 2.232889199999999974e+01 2.145410000000000039e+01 1.940876000000000090e+01 2.355098699999999923e+01 2.040088499999999883e+01 2.858839599999999947e+01 2.162869799999999998e+01 1.420474199999999954e+01 2.202080700000000135e+01 1.240441500000000019e+01 6.861785399999999591e+00 1.082423499999999983e+01 1.360733699999999935e+01 1.129550000000000054e+01 1.300495100000000015e+01 1.600285699999999878e+01 9.752846999999999156e+00 1.565364899999999970e+01 1.343224050000000069e+01 1.030079199999999950e+01 1.471929000000000087e+01 1.440783399999999936e+01 9.617022000000000403e+00 1.787259500000000045e+01 1.346234199999999959e+01 7.728587600000000002e+00 1.125385299999999944e+01 1.078920100000000026e+01 1.031649999999999956e+01 9.173393000000000796e+00
1.234618999999999915e+03 8.673724399999999832e+02 9.187679000000000542e+02 1.042950700000000097e+03 1.150740999999999985e+03 2.573565700000000106e+03 0.000000000000000000e+00 2.542742999999999938e+03 1.492483300000000099e+03 1.346012600000000020e+03 1.734991199999999935e+03 1.609153000000000020e+03 1.048988299999999981e+03 7.372205000000000155e+02 6.909753399999999601e+02 7.240809299999999666e+02 6.474013700000000426e+02 4.765890800000000240e+02 4.335509599999999750e+02 3.264594000000000165e+02 2.074746900000000096e+02 1.969071199999999919e+02 2.284806800000000067e+02 1.947378400000000056e+02 2.029795000000000016e+02 2.178293199999999956e+02 2.063541700000000105e+02 2.046457499999999925e+02 1.494984300000000133e+02 1.284535700000000134e+02 1.064119500000000045e+02 8.241687000000000296e+01 8.186963000000000079e+01 5.723391699999999815e+01 5.322236300000000142e+01 7.810934000000000310e+01 6.696908000000000527e+01 6.748396999999999935e+01 6.371724700000000041e+01 5.635346599999999739e+01 5.535582999999999743e+01 4.353325999999999851e+01 4.282885000000000275e+01 5.602898799999999824e+01 4.827057299999999884e+01 3.140058000000000149e+01 3.246755999999999887e+01 3.034547399999999939e+01 3.970725999999999800e+01 2.478684399999999854e+01 2.577831300000000070e+01 2.837640199999999879e+01 3.833008199999999732e+01 2.332979600000000175e+01 3.078302400000000105e+01 2.429517999999999844e+01 2.573062699999999836e+01 1.945780399999999943e+01 2.483778200000000069e+01 1.861917100000000147e+01 2.712427900000000136e+01 3.433662799999999748e+01 3.701939800000000247e+01 3.744591499999999940e+01 3.562133800000000150e+01 2.408166100000000043e+01 2.811472699999999847e+01 2.376816200000000023e+01 3.264562000000000097e+01 2.967766999999999911e+01 2.463047399999999953e+01 2.252214999999999989e+01 1.954642899999999983e+01 1.980490999999999957e+01 2.690943000000000040e+01 1.876179899999999989e+01 2.401000000000000156e+01 2.415331499999999920e+01 1.629288700000000034e+01 1.713931699999999836e+01 1.983400999999999925e+01 1.444824299999999972e+01 1.346129799999999932e+01 8.595523000000000025e+00 1.212979799999999919e+01 6.572004999999999875e+00 1.845942499999999953e+01 1.122128900000000051e+01 8.475552000000000419e+00 1.660092500000000015e+01 1.324605700000000041e+01 1.394688799999999951e+01 1.296918699999999980e+01 9.763246999999999787e+00 1.622910699999999906e+01 1.342726099999999967e+01 1.057770299999999963e+01 9.478490000000000748e+00 9.541496000000000421e+00 9.123459999999999681e+00 5.215208500000000136e+00
6.419856999999999516e+02 5.809511999999999716e+02 5.423288000000000011e+02 5.476432999999999538e+02 5.993225999999999658e+02 8.114691000000000258e+02 2.542742999999999938e+03 0.000000000000000000e+00 4.095532000000000153e+03 2.352671100000000024e+03 2.430280499999999847e+03 2.080675799999999981e+03 1.296580099999999902e+03 8.705895000000000437e+02 7.671448400000000447e+02 8.296889999999999645e+02 7.321285400000000436e+02 5.618525399999999763e+02 5.005131200000000149e+02 3.747869600000000219e+02 2.528496199999999874e+02 2.412361899999999935e+02 2.570396700000000010e+02 2.055595999999999890e+02 2.402716499999999940e+02 2.785648800000000165e+02 2.424126400000000103e+02 2.214088000000000136e+02 1.729546400000000119e+02 1.646676300000000026e+02 1.224599800000000016e+02 1.136243400000000037e+02 1.080094449999999995e+02 7.786751999999999896e+01 5.575856000000000279e+01 7.881604000000000099e+01 7.224116999999999678e+01 7.020982999999999663e+01 8.073899000000000115e+01 7.770573400000000674e+01 7.776819600000000321e+01 7.013794000000000040e+01 6.962990000000000634e+01 4.746811300000000244e+01 6.100749199999999917e+01 4.602049999999999841e+01 4.194680799999999721e+01 3.596837000000000018e+01 4.870859999999999701e+01 4.257934000000000196e+01 3.896860499999999661e+01 5.191401700000000119e+01 4.432630999999999943e+01 3.754252999999999929e+01 3.722731000000000279e+01 3.137061900000000136e+01 4.193531000000000120e+01 2.966757799999999889e+01 3.168013200000000040e+01 2.814626099999999909e+01 3.933453999999999695e+01 2.444413199999999975e+01 3.755314599999999814e+01 2.996804399999999902e+01 3.553976399999999813e+01 3.448781999999999925e+01 3.596197999999999695e+01 3.079705399999999926e+01 3.282225999999999999e+01 2.952730599999999939e+01 3.211384199999999822e+01 2.398718300000000170e+01 1.772878800000000155e+01 2.967141300000000115e+01 2.530003999999999920e+01 2.320516599999999841e+01 3.210754000000000019e+01 2.323498999999999981e+01 2.329109199999999902e+01 2.027675800000000095e+01 1.165994399999999942e+01 1.556181699999999957e+01 1.744217099999999832e+01 1.299369599999999991e+01 1.698813000000000173e+01 1.490216999999999992e+01 1.868623399999999890e+01 1.721247299999999925e+01 1.521465099999999993e+01 1.380242400000000025e+01 1.264662550000000074e+01 1.581244300000000003e+01 1.238228499999999954e+01 8.855352999999999142e+00 1.439994800000000019e+01 1.217864800000000081e+01 1.291509899999999966e+01 1.007469799999999971e+01 1.236317599999999928e+01 9.604981000000000435e+00 1.248258200000000073e+01
5.542045000000000528e+02 4.973276999999999930e+02 4.905000299999999811e+02 5.157699000000000069e+02 5.707024000000000115e+02 7.820303999999999860e+02 1.492483300000000099e+03 4.095532000000000153e+03 0.000000000000000000e+00 3.581842799999999897e+03 2.356300499999999829e+03 1.601878300000000081e+03 1.077976300000000037e+03 7.898645599999999831e+02 6.511658999999999651e+02 6.406775499999999965e+02 5.678291600000000017e+02 4.920952500000000214e+02 4.591077599999999848e+02 2.709076800000000276e+02 2.266266999999999996e+02 2.238589800000000025e+02 2.226794299999999964e+02 2.539303899999999885e+02 2.192805799999999863e+02 2.398434100000000058e+02 2.542546100000000138e+02 2.396440299999999866e+02 1.977298700000000053e+02 1.267131200000000035e+02 1.027537599999999998e+02 1.066302000000000021e+02 1.035502599999999944e+02 8.167139000000000237e+01 9.052753400000000283e+01 9.566991400000000567e+01 7.963602000000000203e+01 8.308059000000000083e+01 7.205494000000000199e+01 9.689645400000000564e+01 8.371371499999999344e+01 7.560765999999999565e+01 6.053914600000000235e+01 7.248394000000000403e+01 5.269577999999999918e+01 4.553643399999999986e+01 4.309805300000000017e+01 4.838697400000000215e+01 3.947711999999999932e+01 5.716398199999999719e+01 4.671113199999999921e+01 6.058525499999999653e+01 4.193366199999999822e+01 4.295618000000000336e+01 2.847095300000000151e+01 3.611314399999999836e+01 4.111535599999999846e+01 2.553177600000000069e+01 3.599669600000000003e+01 2.859868000000000166e+01 5.025737000000000165e+01 5.412516999999999712e+01 2.780303599999999875e+01 4.714799500000000165e+01 4.151179499999999933e+01 4.898367999999999967e+01 3.086078600000000094e+01 2.745627800000000107e+01 3.955286799999999658e+01 2.520791799999999938e+01 4.246938699999999756e+01 2.515896800000000155e+01 2.324355900000000119e+01 2.186872299999999925e+01 3.121877299999999877e+01 3.447989299999999702e+01 3.294391999999999854e+01 2.524038699999999835e+01 2.442887100000000089e+01 2.215342300000000009e+01 2.707968899999999834e+01 1.718107200000000034e+01 2.515456400000000059e+01 2.640511000000000053e+01 1.527257799999999932e+01 2.344521999999999906e+01 2.430284100000000080e+01 1.334375099999999925e+01 1.595789300000000033e+01 1.908289500000000061e+01 1.906760200000000083e+01 2.444088599999999900e+01 2.353923599999999894e+01 1.702789299999999884e+01 2.013785599999999931e+01 2.874055699999999902e+01 1.354600699999999946e+01 1.761141999999999896e+01 1.134623299999999979e+01 1.782356499999999855e+01 1.240329000000000015e+01
4.784783600000000092e+02 4.249418999999999755e+02 4.372593400000000088e+02 4.924273400000000152e+02 4.997937000000000012e+02 6.186064000000000078e+02 1.346012600000000020e+03 2.352671100000000024e+03 3.581842799999999897e+03 0.000000000000000000e+00 3.935022199999999884e+03 1.790090799999999945e+03 1.160325399999999945e+03 8.614111000000000331e+02 6.780782500000000255e+02 6.282693500000000313e+02 5.681095000000000255e+02 4.604609699999999748e+02 4.814243000000000166e+02 3.054765600000000063e+02 2.688190599999999790e+02 2.204008000000000038e+02 2.295809600000000046e+02 2.202308199999999943e+02 2.156917400000000100e+02 1.990002000000000066e+02 2.341356800000000078e+02 2.136626599999999883e+02 1.697827900000000056e+02 1.509244400000000041e+02 1.232965800000000058e+02 1.276585299999999989e+02 1.156747399999999999e+02 8.241997000000000639e+01 7.187510000000000332e+01 1.090524000000000058e+02 9.163201999999999714e+01 8.993040499999999327e+01 9.215125000000000455e+01 7.221838999999999942e+01 8.400551600000000008e+01 7.620006600000000674e+01 7.450491999999999848e+01 7.541899999999999693e+01 5.940921999999999770e+01 6.960321999999999321e+01 6.165939999999999799e+01 5.722794999999999987e+01 5.229934999999999690e+01 5.045495999999999981e+01 4.769618200000000030e+01 6.031000999999999834e+01 3.634951800000000333e+01 3.766684300000000007e+01 2.703002400000000094e+01 4.088855999999999824e+01 3.177225500000000125e+01 3.093073700000000059e+01 4.089302399999999693e+01 3.372014599999999973e+01 4.652690499999999929e+01 5.574314499999999839e+01 3.464462999999999937e+01 5.415626000000000317e+01 4.128757000000000232e+01 4.924716600000000000e+01 3.987906600000000168e+01 3.041115200000000129e+01 4.624345399999999984e+01 4.387557199999999824e+01 3.811860699999999724e+01 2.516983400000000159e+01 2.265564699999999831e+01 2.329063199999999867e+01 2.420499799999999979e+01 3.669297999999999860e+01 3.000237800000000021e+01 2.892080999999999946e+01 2.145974000000000004e+01 3.042662199999999828e+01 2.515628399999999942e+01 1.427258800000000072e+01 2.279595600000000033e+01 2.735996000000000095e+01 2.443455300000000108e+01 1.514824499999999929e+01 2.952333799999999897e+01 1.564921999999999969e+01 1.860557700000000025e+01 2.478086000000000055e+01 1.652844199999999830e+01 1.643610999999999933e+01 2.067823200000000128e+01 1.200210599999999950e+01 1.672883399999999909e+01 2.033816099999999949e+01 1.821894999999999953e+01 1.248433900000000030e+01 1.885098800000000097e+01 1.545006899999999916e+01 1.373814499999999938e+01
5.483048000000000002e+02 4.708852200000000039e+02 4.224473300000000222e+02 4.342046799999999962e+02 4.413783599999999865e+02 6.774922500000000127e+02 1.734991199999999935e+03 2.430280499999999847e+03 2.356300499999999829e+03 3.935022199999999884e+03 0.000000000000000000e+00 2.934679399999999987e+03 1.456557700000000068e+03 9.348869600000000446e+02 7.560445600000000468e+02 6.874104599999999436e+02 5.912494000000000369e+02 4.906987300000000118e+02 4.813941300000000183e+02 2.985496999999999730e+02 2.345141399999999976e+02 2.181334799999999916e+02 2.277574600000000089e+02 2.378753800000000069e+02 2.395950499999999863e+02 2.138577899999999943e+02 2.044502400000000080e+02 1.804222000000000037e+02 1.782921100000000081e+02 1.327884400000000085e+02 1.523160599999999931e+02 1.318754700000000071e+02 1.058185900000000004e+02 7.355835999999999331e+01 8.847964500000000498e+01 7.529094999999999516e+01 8.617466000000000292e+01 7.557159400000000460e+01 7.300933000000000561e+01 7.799335999999999558e+01 8.047266000000000474e+01 8.144030999999999665e+01 6.231466999999999956e+01 6.379984999999999928e+01 6.388181300000000107e+01 5.905866199999999822e+01 5.094705199999999934e+01 4.902787800000000118e+01 4.862745999999999924e+01 5.973117400000000288e+01 5.398559000000000196e+01 4.196123000000000047e+01 3.879438400000000087e+01 4.533870000000000289e+01 3.461767199999999889e+01 3.008632499999999865e+01 3.875343300000000113e+01 3.395430999999999955e+01 3.366783000000000214e+01 3.365126800000000173e+01 4.332258999999999816e+01 4.040995000000000203e+01 3.404031400000000218e+01 4.688781000000000176e+01 4.120322999999999780e+01 3.512452700000000050e+01 3.474394199999999699e+01 4.091168600000000311e+01 3.042865000000000109e+01 2.408227300000000071e+01 4.599962200000000223e+01 3.453782700000000006e+01 1.978320000000000078e+01 2.897634499999999846e+01 3.084146900000000002e+01 2.466112299999999991e+01 3.189670599999999823e+01 2.204716000000000165e+01 2.048477700000000112e+01 2.424260100000000051e+01 2.389793200000000084e+01 2.089037000000000077e+01 1.853654099999999971e+01 1.380895699999999948e+01 1.891372900000000001e+01 1.484735000000000049e+01 2.224170099999999906e+01 1.352049350000000061e+01 2.042433000000000121e+01 2.000240099999999899e+01 2.100017199999999917e+01 1.945790999999999826e+01 1.973877500000000040e+01 1.411644500000000058e+01 1.615363299999999924e+01 1.536954000000000065e+01 1.764697800000000072e+01 1.713090100000000149e+01 1.231769800000000004e+01 1.491883699999999990e+01 1.605856899999999854e+01
5.214351000000000340e+02 5.153772000000000162e+02 4.054488999999999805e+02 4.479042699999999968e+02 4.352404199999999719e+02 6.001351300000000037e+02 1.609153000000000020e+03 2.080675799999999981e+03 1.601878300000000081e+03 1.790090799999999945e+03 2.934679399999999987e+03 0.000000000000000000e+00 3.328870600000000195e+03 1.330536599999999908e+03 9.028057000000000016e+02 8.239396000000000413e+02 7.785910599999999704e+02 5.649229000000000269e+02 5.026000000000000227e+02 3.490453499999999849e+02 2.895898000000000252e+02 2.658974000000000046e+02 2.547363300000000095e+02 2.311100600000000043e+02 2.564642000000000053e+02 2.394512599999999907e+02 2.375896299999999997e+02 2.257649499999999989e+02 1.950672800000000109e+02 1.836754999999999995e+02 1.654353600000000029e+02 1.201868400000000037e+02 1.144075239999999951e+02 9.135259000000000640e+01 1.008104900000000015e+02 1.115676349999999957e+02 7.871783000000000641e+01 1.090809859999999958e+02 9.347500599999999338e+01 7.562367000000000417e+01 7.775800999999999874e+01 8.259608500000000220e+01 7.694928000000000168e+01 6.700503000000000497e+01 6.243478400000000050e+01 5.938471200000000039e+01 5.649238199999999921e+01 5.535275699999999688e+01 5.401518999999999693e+01 4.597966399999999965e+01 4.592126999999999981e+01 5.088369399999999843e+01 3.962774300000000238e+01 3.685511000000000337e+01 4.373635999999999768e+01 4.223003400000000340e+01 3.609610399999999686e+01 4.928736500000000120e+01 4.223464200000000091e+01 3.377108799999999889e+01 3.775621399999999994e+01 4.127801500000000345e+01 4.240740999999999872e+01 3.695574599999999776e+01 5.427180500000000052e+01 3.706954600000000255e+01 2.745827900000000099e+01 3.787541600000000130e+01 3.854364999999999952e+01 4.201940499999999901e+01 2.764220600000000161e+01 2.135353299999999876e+01 2.765328600000000137e+01 2.405475200000000058e+01 3.571302399999999722e+01 2.938935999999999993e+01 2.847426000000000101e+01 2.588702599999999876e+01 2.890929200000000066e+01 2.230151199999999889e+01 2.098515000000000086e+01 2.260262499999999974e+01 1.482390299999999961e+01 2.338559000000000054e+01 2.135370800000000102e+01 1.676274499999999890e+01 2.511101000000000028e+01 1.346886600000000023e+01 2.498078500000000091e+01 2.107730499999999907e+01 1.801907999999999888e+01 1.997099499999999850e+01 1.299969600000000014e+01 1.593754799999999960e+01 2.015728800000000120e+01 9.132789999999999964e+00 1.438922499999999971e+01 1.692327699999999879e+01 2.039657000000000053e+01 1.241096600000000016e+01 6.306162999999999741e+00
4.108933400000000233e+02 3.938084699999999998e+02 3.894617000000000075e+02 3.927516200000000026e+02 3.876673299999999927e+02 5.440719000000000278e+02 1.048988299999999981e+03 1.296580099999999902e+03 1.077976300000000037e+03 1.160325399999999945e+03 1.456557700000000068e+03 3.328870600000000195e+03 0.000000000000000000e+00 3.028526100000000042e+03 1.487257599999999911e+03 1.141009399999999914e+03 9.258476600000000190e+02 7.360342399999999543e+02 6.760683000000000220e+02 4.316505700000000161e+02 3.552804300000000239e+02 2.938253199999999765e+02 3.169725999999999999e+02 2.784763800000000060e+02 2.810189500000000180e+02 3.133725000000000023e+02 3.143859299999999735e+02 2.966371500000000196e+02 2.356369599999999878e+02 2.025443699999999865e+02 1.734402599999999950e+02 1.691659699999999873e+02 1.519867000000000132e+02 1.102839000000000027e+02 1.008890150000000006e+02 1.071556499999999943e+02 1.198369000000000000e+02 9.228804999999999836e+01 1.079398000000000053e+02 1.004847699999999975e+02 1.184606799999999964e+02 1.007761299999999949e+02 9.731933999999999685e+01 9.413801999999999737e+01 6.629540000000000077e+01 7.057929000000000030e+01 7.669971499999999764e+01 5.633478999999999814e+01 7.225812999999999420e+01 6.214056399999999769e+01 5.527700000000000102e+01 6.618681999999999732e+01 4.736554699999999940e+01 5.201564400000000177e+01 4.656428499999999815e+01 3.816384999999999650e+01 4.378693400000000224e+01 3.864553500000000241e+01 4.795739999999999981e+01 5.362086999999999648e+01 4.954408600000000007e+01 5.101053199999999777e+01 5.203034999999999854e+01 5.689928400000000153e+01 5.073293300000000272e+01 6.702934999999999377e+01 3.170730800000000116e+01 3.484692400000000134e+01 5.160358000000000089e+01 3.805623200000000139e+01 4.642865400000000164e+01 4.002438999999999680e+01 2.292589200000000105e+01 2.666601999999999961e+01 3.642816499999999991e+01 3.334182700000000210e+01 3.159107799999999955e+01 3.909073300000000017e+01 2.670628699999999967e+01 3.043484300000000076e+01 2.769427900000000164e+01 1.891323900000000080e+01 1.879604499999999945e+01 2.475402499999999861e+01 1.942758399999999952e+01 1.978684399999999854e+01 2.830640999999999963e+01 2.073747399999999885e+01 2.218956599999999924e+01 2.028242699999999843e+01 2.263265600000000077e+01 2.075526400000000038e+01 1.715580999999999889e+01 2.453840399999999988e+01 1.995130699999999990e+01 1.968594699999999875e+01 1.192935400000000001e+01 2.233379199999999898e+01 2.212539100000000047e+01 1.637885700000000000e+01 1.395718500000000084e+01
3.171052599999999870e+02 3.240729000000000042e+02 3.104764400000000251e+02 3.085505699999999933e+02 3.280713200000000143e+02 3.412631000000000085e+02 7.372205000000000155e+02 8.705895000000000437e+02 7.898645599999999831e+02 8.614111000000000331e+02 9.348869600000000446e+02 1.330536599999999908e+03 3.028526100000000042e+03 0.000000000000000000e+00 3.274684799999999996e+03 1.738955099999999902e+03 1.347064800000000105e+03 1.089516599999999926e+03 9.808591000000000122e+02 5.108854000000000042e+02 3.495851400000000240e+02 3.741136799999999880e+02 3.435138999999999783e+02 3.152660799999999881e+02 2.891876800000000003e+02 3.206259800000000268e+02 2.961783399999999915e+02 3.166026299999999765e+02 2.701839600000000132e+02 2.339089199999999948e+02 1.799439199999999914e+02 1.853593799999999874e+02 1.516968500000000120e+02 1.373031799999999976e+02 1.221617360000000048e+02 1.021090700000000027e+02 1.096722500000000053e+02 1.093669739999999990e+02 1.036137159999999966e+02 1.006225199999999944e+02 1.082589799999999940e+02 1.014510599999999982e+02 6.701792000000000371e+01 8.654655999999999949e+01 9.121050999999999931e+01 7.643470000000000653e+01 5.412897499999999695e+01 6.592172999999999661e+01 6.679460000000000264e+01 7.285088000000000363e+01 7.592176999999999509e+01 6.708335999999999899e+01 6.034429000000000087e+01 4.971935700000000224e+01 5.384745800000000315e+01 5.502043499999999909e+01 3.842887999999999948e+01 5.187246999999999986e+01 4.582374200000000286e+01 4.143918000000000035e+01 5.586100400000000121e+01 4.938786999999999949e+01 3.423451599999999928e+01 4.953976399999999813e+01 4.906985000000000241e+01 5.790214000000000283e+01 4.357287000000000177e+01 3.627351000000000170e+01 3.203532799999999980e+01 3.916246000000000294e+01 4.500849999999999795e+01 4.029244599999999821e+01 3.736670000000000158e+01 2.883309699999999864e+01 2.490937399999999968e+01 4.155682000000000187e+01 3.634588600000000014e+01 3.498002600000000228e+01 4.480857499999999760e+01 3.247175599999999918e+01 2.065166999999999931e+01 2.741746099999999942e+01 2.342714900000000000e+01 2.215094200000000058e+01 2.507396900000000173e+01 3.002338599999999857e+01 1.853397400000000061e+01 2.505162999999999940e+01 2.184177000000000035e+01 1.633461000000000141e+01 2.645910800000000052e+01 2.063631399999999871e+01 1.631122200000000078e+01 1.372374600000000022e+01 1.785326799999999992e+01 1.887408399999999986e+01 1.258111599999999974e+01 8.327173000000000158e+00 8.622026999999999219e+00 1.282442799999999927e+01 1.629062000000000054e+01
2.966261999999999830e+02 2.837352300000000014e+02 3.000479700000000207e+02 2.793632799999999747e+02 2.957061199999999985e+02 3.257092299999999909e+02 6.909753399999999601e+02 7.671448400000000447e+02 6.511658999999999651e+02 6.780782500000000255e+02 7.560445600000000468e+02 9.028057000000000016e+02 1.487257599999999911e+03 3.274684799999999996e+03 0.000000000000000000e+00 3.669553199999999833e+03 2.037582400000000007e+03 1.567117400000000089e+03 1.384592900000000100e+03 5.697643000000000484e+02 3.847681299999999851e+02 3.632302599999999870e+02 3.701093999999999937e+02 3.602441699999999969e+02 3.673166800000000194e+02 3.847841999999999985e+02 3.228172299999999950e+02 3.503008699999999749e+02 3.018780499999999734e+02 2.312783499999999890e+02 1.946233499999999879e+02 2.288729700000000093e+02 1.751731699999999989e+02 1.284359599999999944e+02 1.240165199999999999e+02 1.263259299999999996e+02 1.162680600000000055e+02 1.252700899999999962e+02 1.314199399999999969e+02 1.061400299999999959e+02 1.099701459999999997e+02 1.077030699999999968e+02 7.544028500000000292e+01 9.148171000000000674e+01 8.219854999999999734e+01 6.948440600000000700e+01 7.148224000000000444e+01 7.436002999999999474e+01 6.590452600000000416e+01 6.814606999999999459e+01 6.456238999999999351e+01 6.953491999999999962e+01 6.047912000000000177e+01 6.926784999999999570e+01 4.947045500000000118e+01 5.767869000000000312e+01 4.651976400000000211e+01 5.293361300000000114e+01 4.592612499999999898e+01 3.978305999999999898e+01 4.727690499999999929e+01 4.934821999999999775e+01 3.842832599999999843e+01 4.054786699999999655e+01 5.433162300000000045e+01 4.832983000000000118e+01 3.696735000000000326e+01 4.286010399999999976e+01 3.239615599999999773e+01 4.618980799999999931e+01 4.534038999999999930e+01 2.422947999999999880e+01 2.878524200000000022e+01 2.325087699999999913e+01 3.279356800000000050e+01 3.588279299999999949e+01 3.157014699999999863e+01 2.309715500000000077e+01 3.073750300000000024e+01 2.253605699999999956e+01 3.284052700000000158e+01 2.184727900000000034e+01 2.697131299999999854e+01 2.731325999999999965e+01 2.251647200000000026e+01 2.268358200000000124e+01 1.907072799999999901e+01 1.301875700000000080e+01 1.857381799999999927e+01 2.037293199999999871e+01 1.100015299999999918e+01 2.605985000000000085e+01 1.436030200000000079e+01 9.414129000000000858e+00 1.670027999999999935e+01 1.765516999999999825e+01 1.390835799999999978e+01 1.557878499999999988e+01 1.523427599999999948e+01 1.542369700000000066e+01 2.057204199999999972e+01
